0.21256751118648026
0.33083903938806053
0.509314131983809
0.6948676128409026
0.14937285382404158
0.2771349024453735
0.07334836970022635
0.4129774045335802
0.2322673565940538
-0.4340637274753209
0.6752212375978066
-0.02537397369093658
0.33784714367317586
0.5976416884526297
0.360198755048814
0.9089479575662252
0.650278602584633
0.9074323829346771
1.08246321470144
0.6603599038732342
0.8132330316869136
1.3520439079835687
1.0891341945964272
-0.03534838445944627
1.378151142817386
0.3339784505241215
0.9404096693187494
0.7861785039310956
0.6011589730284594
0.08354132864294322
0.19682180705100533
0.5857882618555377
0.2773762222641029
0.08725800754891783
0.6541875252729976
0.049094201932713355
0.4596288085561558
0.31410306207330524
0.6882957112604513
-1.7233258389262573
-1.5998056688195292
-1.3294325210885078
-1.4130356186029807
-1.3101137110018672
-1.556515072704742
-1.084705602580002
-1.1100931571686745
0.32836172900724375
-1.28376165557175
-1.348888228690172
-1.0377641839065879
-1.4031509787738248
-1.562540300032812
-1.0502422349736704
-1.8267194036866345
0.14807526862016557
-1.6098707880788354
-1.2181650697722328
-1.5685070321351926
-0.9675450587489329
-1.3280991401746651
-1.1761401069303639
-1.1147776135671168
0.0746608872677233
-0.17199484055162173
-1.6623117361777051
-0.4383699878226194
-1.5449484901848078
-1.389797464518326
-1.3303939477296085
-1.3621425297080731
-1.5366752451540735
-1.1968219171089054
-1.6729306858243185
-1.529484432813454
-1.4795601098759363
-0.9997308728660452
-1.3906509535261198
-0.3454556457906966
-1.4942923293647243
-0.922387612115048
-1.7979905720326916
-1.7398492056402906
-0.9945185188953802
-1.070374191452549
-1.3032920278965918
-1.1751825671828153
-1.4080628677034197
-1.637955477160001
-1.5775857514357545
-1.36596750324373
-1.0055966702247612
-1.683582777334445
-1.2158882066968448
-1.8596656919309087
-0.6377096233665882
-1.5640939545248098
-1.4737724215853099
-0.5797130768829684
-1.055542948006521
-1.4294778513819537
-1.4160931799723149
-1.7008471068343658
-0.7881282725698315
-1.5753000830801818
-1.5963338941199694
-1.0647602817416773
-1.285558172703923
-0.7881739842601865
-1.0938150548782843
-1.5748184428797771
-1.3965431955093621
-0.6685577859798268
-1.157478297588694
-1.1322241000384652
-1.6140824060176442
-0.7569977155487146
-1.258549177945698
-0.7533324022983754
-0.8461861380759923
-1.4044580822907446
-1.2635774312977923
-1.5783105220661262
-1.6236770581642752
-0.6292383384873015
-1.3573435060132155
-1.566393526265555
-1.6536840619078563
-1.572661645486438
-1.4473470350871325
-1.248507132398217
-0.9567480348919228
-1.5301456439701724
-0.21295541167821896
-1.9230730424098506
-1.0882056817458414
-1.5730806148982344
-1.409460341993229
-1.4439514405935625
-0.9274178561424342
-1.172756295207467
-1.3493110518184668
-1.25428271282285
-1.2377577049064772
-0.5463605040665152
-1.4979665438287835
-1.6982849646019385
-1.355616319211809
-1.328544133029075
-1.091992120539056
-1.3089810404635236
-0.5307552776161997
-1.1334030381979303
-1.3766299131608863
-0.31072896558267443
-1.1149553404278298
-1.0499033101608253
-1.1575805631573206
-1.4551573477799047
-0.16745378319584442
-1.330367413013347
-1.1037398620022199
