1.4611623073389928
0.6308537665091702
1.000103754854876
1.257666366203441
0.9999754512239709
0.999819225097232
0.32446054723836687
0.999604642829159
0.392061185763444
1.0843949416411405
0.5935235300970871
0.9751110735660129
1.6248501674352849
-0.35444811359503625
1.3454651333138001
0.5955061661447381
0.3857529421256903
1.0244890158232702
0.4293456631809484
0.034251319312473105
1.5141711339947166
0.6503533302061311
0.25543591736572274
0.5135533966987318
1.0003107403579856
0.22307297267273246
0.077505737918317
1.147826956858823
-0.7598832544973166
0.3836137312906766
1.000055226569928
1.1200941573987724
0.7745054620308565
1.3505661852023232
0.8005264033631672
0.5335761329899691
0.7702951436142469
1.0002671438554298
0.8563956292277695
1.0000716330522599
1.229895411506274
0.9997650917527827
1.00033641485198
1.0001251021971276
1.14995377761146
0.6389996231307478
0.9029990740042246
1.3862793161651388
1.293462951211723
-0.2695328310510165
1.8628412493893898
0.2640196338171807
1.4641039681199788
1.524015601834958
-0.00115134547814022
1.545093409973829
0.7316890678462462
0.8098872247880944
1.078154519567077
-0.2535874748549163
0.6469940496393822
0.9995320974899213
1.3128658990409439
0.8859337356496317
0.5660196618851476
0.6920182890568787
0.9998117767536916
0.26508931005803943
0.527285181327626
1.0000772758345635
-0.15944623061668955
1.0271904718863827
1.1672868400330043
0.6106931560616218
0.9999090047920505
1.311094279690162
1.4051804033411837
0.9865900376378669
1.0004517386139662
1.1925711313515697
1.634934818688038
0.9999665217698803
0.9578000078410704
1.0003359167031962
0.8608040517501967
-0.5963320878510701
1.2507802953312919
1.5770224181774635
-0.9063108371714634
-1.6468546206875934
-1.4476702452273325
-1.9498318733227853
-0.6958617574483033
-1.4037050235314144
-0.20999754205911697
0.5403098668534148
-1.2304910952710375
-0.9998792710279625
0.3559442309487795
-1.825389463593513
-1.7286986389809107
-1.5017403209027205
-2.0760767265634423
-1.18867039228681
0.3462763683502024
-1.8440050562910386
-1.1075570476942707
-1.0639592126479676
-1.5675041188169418
-1.6097980641483594
-1.9241486016386327
-1.5041569351748227
-1.8107880600774082
-1.4961661477283366
-1.3302781544911975
-1.852012283403076
-0.9999999645655595
-2.031482821149014
-1.8066284088597124
-1.8094632420945753
-1.4423149410768585
-0.9283696166081941
-1.7505898404311544
0.343255689908137
-1.9644676704583994
-1.5587460821555414
-0.25191710086007363
-0.9777310357232147
-1.3533250563374553
-2.117004542557409
-1.7814622808391776
-1.8699364618809997
-0.9997229621954891
0.6941456577449905
-0.12440485854197347
-1.7987331567369083
-1.4395946939379205
-1.0858519328286471
-1.235140860843799
-2.4098485705078314
-2.1809789978012324
-0.852278707231299
-0.6141892036255587
-2.0082640917765624
-0.08525777833764242
-1.1668168440878184
-1.1871995325516396
-0.5081516981931941
-1.3638744876845104
-1.000304355696219
-1.5449522983930741
-1.1920237754707994
-1.9772292329325019
-1.017857393511404
-1.7738551976735268
-1.973035209346085
-1.86814986370408
-1.4892616607898712
-1.0000336141653896
-2.038798007472308
-1.2138524243603483
-0.6226243242012137
0.8457203137745768
-1.8894459228599612
-1.9018882908232848
0.6640135437977779
-1.4509508852387463
-2.016617902350081
-0.5011312272520181
-1.6377623638266836
-1.5257898352505161
-1.5503520294590223
0.8486586419013153
-0.1712301356757312
-1.8160044272183435
-1.096421311045641
-1.8272678845148025
-2.008187747608075
-1.8955119053440315
-1.1182336749543753
-1.4098208586228564
-0.999845374859772
-1.000239313791356
-1.1870267375762402
-1.3478316075651393
-1.9598077422938087
-0.7377676558482931
-1.3156546714981385
-1.0001358294611304
-1.3386784931454128
0.5861442615139849
-1.0722661487816192
-1.3580448941672318
-1.6543743435672715
0.3313745882775239
1.0497444185398326
-1.7920787273051955
-1.0001638863980384
-2.160654779769403
-1.5291013446224777
-1.5342642381721643
-2.5404102090450547
-1.3714732097557616
-0.9999345502784034
-1.8122939023471443
-1.1655965730833902
-1.1257656961795999
-1.3296958625213005
-1.012241279677006
-1.5022933219127281
-1.6519587053952762
-2.121093674841718
-1.6315449046349366
-2.225061346096131
-2.0798418672061993
-1.4322301859086655
-2.12578483220143
-1.0001141440057046
-1.6712387586074697
-1.0662607132344046
-1.7337095506683764
-1.7805052769583969
-1.9357265830775015
-1.2945726736496455
-1.6462932164461017
-1.986017893611495
-1.7657754606779912
-2.0142301371737625
-0.8018805269572202
-1.6117845794369405
-1.3803083791740955
-1.3470358742357174
-0.38059223110455576
-1.1896824733627651
-0.9998412624217314
-1.273150193807922
-1.5856720516536496
-1.5058754033920765
0.3043552629424792
-1.9407460798381975
-1.161052736728839
-1.2674767153445288
-1.515594553232749
-1.5615711399307899
-0.9997241100409135
0.021728743511882753
-1.3522744109014164
-1.6571456187507627
-1.7262057297025066
-1.7961049011134314
-2.1047599085333215
-1.7519314330746694
-1.8740628599686375
-1.8248604023666344
-1.7258386385919111
-1.6288572382681705
-1.9660457790040902
-1.8861557751307805
-2.067757777864955
-1.7009759232381043
-0.002999692712430835
-1.8431701950074477
-1.163335586187916
-1.2959908649213525
-1.030841842515722
-2.4930701111874947
-0.6813423428095398
-0.9997124122569494
-1.2684117188194872
-1.110858186300816
-1.746277297493975
-1.183110201416196
-1.4536319026410158
-1.8979204945574606
-1.7599129485708604
-1.357481562892665
-1.5722162932631907
-2.1615271133018243
-1.0000352859972825
-1.283533751674708
-1.263983212860311
-2.260132853395904
-1.4449809561204516
-1.9450482021647681
-2.2043554184890235
-1.3140636849919836
-1.540841446988586
-1.3980408149807724
-1.609481363111464
-1.0002750750691567
-1.1874797209490593
-0.33945823498716715
-1.4014571085232244
-2.2604475255179
-1.7888043436552017
0.5846233821555689
-1.2393634756498848
-1.8963250936774987
-1.8404838683212181
1.0902478156105417
0.809012263496707
-1.777440597554255
-1.2795061977913376
-0.6126555888679202
-2.1451011773627178
0.3478763981770326
-1.707760510244967
-1.779549232364335
-1.3489302721816676
-1.0880876889489268
-2.1960808416909794
-1.1941904625877287
-1.4784710448926985
-1.642039256109767
-1.7572287105707354
-1.215234086949273
-1.0002478808433277
-1.5229320364751444
-0.29960082211388156
-2.035116250326923
-1.0514222404953981
-1.7890092735716456
-1.209671527793199
-1.6364556906796304
-1.1696508198828544
-1.5128164351702602
-0.8617002109513663
-1.5020516435866857
-2.081583876868131
-1.1296590596059657
-1.131298121974553
-1.8532154058716934
-1.6521457700341906
-0.13881592380266117
-1.9291139561815458
-1.30323083620518
-1.795516402200251
-0.25593197612715973
-1.5250340744953663
-1.9756072849381245
-1.0266872424401938
-1.534271724738083
-2.2451509260887397
-1.0148690333648864
-2.17855729908961
-1.5717599894241583
-1.7115359742609664
-2.1367958776778493
-2.310584569219023
-1.744064129277293
-1.8363172836161585
-1.4594571543925157
-1.6991614961870238
-2.30714355010118
0.5489909540984046
-2.082851435718137
-1.5521041567927
-2.067298731796373
-1.7822689242409844
-1.9794677780652663
-1.4642781353540668
-1.7904287755476551
-2.3404366901870834
-2.099898838654857
-1.5057700392483218
-1.0676136082552063
-0.6334343830693667
-0.6467986085750888
-1.0000806887868914
-1.0002283129721157
-1.9751232685984943
-1.8161340672228745
-1.4448250858586686
